   0 0114 0102 05c0 1e00 5f02 0000 6412 0122 0000 08cd
  32 0114 0102 05c0 1e00 5f02 0000 6412 0122 024e 0881
  33 0114 0102 05c0 1e00 5f02 0000 6412 0122 0268 08a7
  36 0114 0102 05c0 1e00 5f02 0000 6412 0122 0267 08a8
  37 0114 0102 05c0 1e00 5f02 0000 6412 0122 0265 08aa
  38 0114 0102 05c0 1e00 5f02 0000 6412 0122 01c2 080e
  39 0114 0102 05c0 1e00 5f02 0000 6412 0122 0000 08cd
  48 0114 0102 05c0 1e00 5f02 0000 6412 0122 0329 08e7
  49 0114 0102 05c0 1e00 5f02 0000 6412 0122 0393 085d
  50 0114 0102 05c0 1e00 5f02 0000 6412 0122 0396 0858
  51 0114 0102 05c0 1e00 5f02 0000 6412 0122 0399 0857
  52 0114 0102 05c0 1e00 5f02 0000 6412 0122 0398 0856
  55 0114 0102 05c0 1e00 5f02 0000 6412 0122 038e 0840
  56 0114 0102 05c0 1e00 5f02 0000 6412 0122 0000 08cd
  64 0114 0102 05c0 1e00 5f02 0000 6412 0122 0357 0899
  65 0114 0102 05c0 1e00 5f02 0000 6412 0122 03e8 0826
  72 0114 0102 05c0 1e00 5f02 0000 6412 0122 02d4 081b
  73 0114 0102 05c0 1e00 5f02 0000 6412 0122 0000 08cd
  80 0114 0102 05c0 1e00 5f02 0000 6412 0122 0352 089c
  81 0114 0102 05c0 1e00 5f02 0000 6412 0122 03e8 0826
  88 0114 0102 05c0 1e00 5f02 0000 6412 0122 0000 08cd
  96 0114 0102 05c0 1e00 5f02 0000 6412 0122 0321 08ef
  97 0114 0102 05c0 1e00 5f02 0000 6412 0122 03e8 0826
 104 0114 0102 05c0 1e00 5f02 0000 6412 0122 01ed 0821
 105 0114 0102 05c0 1e00 5f02 0000 6412 0122 0000 08cd
 112 0114 0102 05c0 1e00 5f02 0000 6412 0122 03e8 0826
 125 0114 0102 05c0 1e00 5f02 0000 6412 0122 0000 08cd
 230 0114 0102 05c0 1e00 5f02 0000 6312 0122 0000 08ca
 238 0114 0102 05c0 1e00 5f02 0000 6412 0122 0000 08cd
 242 0114 0102 05c0 1e00 5f02 0000 0012 0122 0000 08a9
 276 0114 0102 05c0 1e00 5f02 0000 0012 0122 0193 083b
 277 0114 0102 05c0 1e00 5f02 0000 0012 0122 0194 083c
 279 0114 0102 05c0 1e00 5f02 0000 0012 0122 0000 08a9
 285 0114 0102 05c0 1e00 5f02 0000 0012 0122 0197 083f
 286 0114 0102 05c0 1e00 5f02 0000 0012 0122 0237 089c
 287 0114 0102 05c0 1e00 5f02 0000 0012 0122 0275 08de
 288 0114 0102 05c0 1e00 5f02 0000 0012 0122 0377 08dd
 289 0114 0102 05c0 1e00 5f02 0000 0012 0122 039c 0836
 290 0114 0102 05c0 1e00 5f02 0000 0012 0122 038d 0827
 291 0114 0102 05c0 1e00 5f02 0000 0012 0122 01a0 0808
 292 0114 0102 05c0 1e00 5f02 0000 0012 0122 0000 08a9
 296 0114 0102 05c0 1e00 5f02 0000 0012 0122 0222 0889
 297 0114 0102 05c0 1e00 5f02 0000 0012 0122 0335 089f
 298 0114 0102 05c0 1e00 5f02 0000 0012 0122 03e8 0842
 301 0114 0102 05c0 1e00 5f02 0000 0012 0122 01ab 0803
 302 0114 0102 05c0 1e00 5f02 0000 0012 0122 0000 08a9
 306 0114 0102 05c0 1e00 5f02 0000 0012 0122 0211 08ba
 307 0114 0102 05c0 1e00 5f02 0000 0012 0122 03e8 0842
 311 0114 0102 05c0 1e00 5f02 0000 0012 0122 0302 08a8
 312 0114 0102 05c0 1e00 5f02 0000 0012 0122 0000 08a9
 315 0114 0102 05c0 1e00 5f02 0000 0012 0122 019c 0834
 316 0114 0102 05c0 1e00 5f02 0000 0012 0122 02df 0874
 317 0114 0102 05c0 1e00 5f02 0000 0012 0122 03e8 0842
 321 0114 0102 05c0 1e00 5f02 0000 0012 0122 01b8 0810
 322 0114 0102 05c0 1e00 5f02 0000 0012 0122 0000 08a9
 325 0114 0102 05c0 1e00 5f02 0000 0012 0122 01a7 080f
 326 0114 0102 05c0 1e00 5f02 0000 0012 0122 03e8 0842
 337 0114 0102 05c0 1e00 5f02 0000 0012 0122 020e 08a5
 338 0114 0102 05c0 1e00 5f02 0000 0012 0122 0000 08a9
 523 0114 0102 05c0 1e00 5f02 0000 6412 0122 0000 08cd
 531 0114 0102 05c0 1e00 5f02 0000 0012 0122 0000 08a9
 544 0114 0102 0580 1e00 5f02 0000 0012 0122 0000 08e9
 554 0114 0102 05c0 1e00 5f02 0000 0012 0122 0000 08a9
 629 0114 0102 05c0 1e00 5f02 0000 0112 0122 0000 08a8
 634 0114 0102 05c0 1e00 5f02 0000 0212 0122 0000 08ab
 637 0114 0102 05c0 1e00 5f02 0000 0312 0122 0000 08aa
 642 0114 0102 05c0 1e00 5f02 0000 0412 0122 0000 08ad
 644 0114 0102 05c0 1e00 5f02 0000 0512 0122 0000 08ac
 648 0114 0102 05c0 1e00 5f02 0000 0712 0122 0000 08ae
 649 0114 0102 05c0 1e00 5f02 0000 0c12 0122 0000 08a5
 650 0114 0102 05c0 1e00 5f02 0000 1012 0122 0000 08b9
 651 0114 0102 05c0 1e00 5f02 0000 1212 0122 0000 08bb
 655 0114 0102 05c0 1e00 5f02 0000 1312 0122 0000 08ba
 660 0114 0102 05c0 1e00 5f02 0000 1412 0122 0000 08bd
 663 0114 0102 05c0 1e00 5f02 0000 1512 0122 0000 08bc
 682 0114 0102 05c0 1e00 5f02 0000 1512 0122 0190 082d
 683 0114 0102 05c0 1e00 5f02 0000 1512 0122 0000 08bc
 688 0114 0102 05c0 1e00 5f02 0000 1512 0122 0190 082d
 689 0114 0102 05c0 1e00 5f02 0000 1512 0122 02b7 0809
 690 0114 0102 05c0 1e00 5f02 0000 1512 0122 0276 08c8
 691 0114 0102 05c0 1e00 5f02 0000 1512 0122 0000 08bc
 695 0114 0102 05c0 1e00 5f02 0000 1512 0122 01db 0866
 696 0114 0102 05c0 1e00 5f02 0000 1512 0122 0354 08eb
 697 0114 0102 05c0 1e00 5f02 0000 1512 0122 03e8 0857
 699 0114 0102 05c0 1e00 5f02 0000 1512 0122 0000 08bc
 703 0114 0102 05c0 1e00 5f02 0000 1512 0122 0190 082d
 704 0114 0102 05c0 1e00 5f02 0000 1512 0122 02fc 0842
 705 0114 0102 05c0 1e00 5f02 0000 1512 0122 03e8 0857
 707 0114 0102 05c0 1e00 5f02 0000 1512 0122 01c2 087f
 708 0114 0102 05c0 1e00 5f02 0000 1512 0122 0000 08bc
 711 0114 0102 05c0 1e00 5f02 0000 1512 0122 0256 08e8
 712 0114 0102 05c0 1e00 5f02 0000 1512 0122 03e8 0857
 715 0114 0102 05c0 1e00 5f02 0000 1512 0122 0000 08bc
 718 0114 0102 05c0 1e00 5f02 0000 1512 0122 023f 0881
 719 0114 0102 05c0 1e00 5f02 0000 1512 0122 03e8 0857
 729 0114 0102 05c0 1e00 5f02 0000 1512 0122 0000 08bc

 382 0114 0102 0580 1e00 5f02 0000 1512 0186 0000 0858  48V  390  0606  0b 0001 1000 0110
 390 0114 0102 0580 1e00 5f02 0000 1512 0122 0000 08fc  36V  290  0442  0b 0001 0010 0010
 419 0114 0102 0580 1e00 5f02 0000 1512 00be 0000 0861  24V  190  0276  0b 0000 1011 1110

   0 0114 0102 0580 1e00 5f02 0000 1512 0122 0000 08fc   9.5"
 136 0114 0102 0580 1e00 1902 0000 1512 0122 0000 08ba   2.5"
 156 0114 0102 0580 1e01 f402 0000 1512 0122 0000 0856  50.0"

   0 0114 0102 0580 1e00 5f02 0000 1512 0122 0000 08fc  Number of speed magnets: 30
  84 0114 0102 0580 1f00 5f02 0000 1512 0122 0000 08fd
  95 0114 0102 0580 1e00 5f02 0000 1512 0122 0000 08fc
 101 0114 0102 0580 1b00 5f02 0000 1512 0122 0000 08f9
 102 0114 0102 0580 1700 5f02 0000 1512 0122 0000 08f5
 103 0114 0102 0580 1200 5f02 0000 1512 0122 0000 08f0
 104 0114 0102 0580 0e00 5f02 0000 1512 0122 0000 08ec
 105 0114 0102 0580 0a00 5f02 0000 1512 0122 0000 08e8
 106 0114 0102 0580 0500 5f02 0000 1512 0122 0000 08e7
 107 0114 0102 0580 0100 5f02 0000 1512 0122 0000 08e3
 108 0114 0102 0580 fe00 5f02 0000 1512 0122 0000 081c
 114 0114 0102 0580 fd00 5f02 0000 1512 0122 0000 081f
 124 0114 0102 0580 0000 5f02 0000 1512 0122 0000 08e2
 125 0114 0102 0580 0200 5f02 0000 1512 0122 0000 08e0
 132 0114 0102 0580 0300 5f02 0000 1512 0122 0000 08e1
 133 0114 0102 0580 0800 5f02 0000 1512 0122 0000 08ea
 134 0114 0102 0580 0c00 5f02 0000 1512 0122 0000 08ee
 143 0114 0102 0580 0d00 5f02 0000 1512 0122 0000 08ef
 150 0114 0102 0580 0b00 5f02 0000 1512 0122 0000 08e9
 151 0114 0102 0580 0700 5f02 0000 1512 0122 0000 08e5
 152 0114 0102 0580 0200 5f02 0000 1512 0122 0000 08e0
 153 0114 0102 0580 0100 5f02 0000 1512 0122 0000 08e3
 159 0114 0102 0580 ff00 5f02 0000 1512 0122 0000 081d
 178 0114 0102 0580 0000 5f02 0000 1512 0122 0000 08e2
 190 0114 0102 0580 0100 5f02 0000 1512 0122 0000 08e3
 198 0114 0102 0580 0400 5f02 0000 1512 0122 0000 08e6
 199 0114 0102 0580 0800 5f02 0000 1512 0122 0000 08ea
 200 0114 0102 0580 0c00 5f02 0000 1512 0122 0000 08ee
 206 0114 0102 0580 1000 5f02 0000 1512 0122 0000 08f2
 211 0114 0102 0580 1100 5f02 0000 1512 0122 0000 08f3
 215 0114 0102 0580 1200 5f02 0000 1512 0122 0000 08f0
 218 0114 0102 0580 1300 5f02 0000 1512 0122 0000 08f1
 219 0114 0102 0580 1500 5f02 0000 1512 0122 0000 08f7
 224 0114 0102 0580 1600 5f02 0000 1512 0122 0000 08f4
 227 0114 0102 0580 1700 5f02 0000 1512 0122 0000 08f5
 228 0114 0102 0580 1a00 5f02 0000 1512 0122 0000 08f8
 232 0114 0102 0580 1b00 5f02 0000 1512 0122 0000 08f9
 234 0114 0102 0580 1c00 5f02 0000 1512 0122 0000 08fe
 237 0114 0102 0580 1d00 5f02 0000 1512 0122 0000 08ff
 242 0114 0102 0580 1e00 5f02 0000 1512 0122 0000 08fc

   0 0114 0102 0580 1e00 5f02 0000 1512 0122 0000 08fc  Both
  81 0114 0100 0580 1e00 5f02 0000 1512 0122 0000 08fe  Pedal drive
  95 0114 0101 0580 1e00 5f02 0000 1512 0122 0000 08ff  Electric drive

   0 0114 0102 0580 1e00 5f02 0000 1512 0122 0000 08fc  2 Boost sensitivity
  41 0114 0102 0580 1e00 5f01 0000 1512 0122 0000 08ff  1
  46 0114 0102 0580 1e00 5f18 0000 1512 0122 0000 08e6  24
  88 0114 0102 0580 1e00 5f03 0000 1512 0122 0000 08fd  3

   0 0114 0102 0080 1e00 5f02 0000 1512 0122 0000 08f9
  74 0114 0102 0080 1e00 5f02 0100 1512 0122 0000 08f8
  79 0114 0102 0080 1e00 5f02 0200 1512 0122 0000 08fb
  84 0114 0102 0080 1e00 5f02 0300 1512 0122 0000 08fa
  90 0114 0102 0080 1e00 5f02 0400 1512 0122 0000 08fd
  95 0114 0102 0080 1e00 5f02 0500 1512 0122 0000 08fc

   0 0114 0102 0080 1e00 5f02 0000 1512 0122 0000 08f9
  78 0114 0102 0080 1e00 5f02 0000 1512 0122 0000 0cfd
  91 0114 0102 0080 1e00 5f02 0000 1512 0122 0000 05f4
 102 0114 0102 0080 1e00 5f02 0000 1512 0122 0000 08f9

   0 0114 0102 0580 1e00 5f02 0000 1512 0122 0000 08fc
  68 0114 0102 0580 1e00 5f02 0000 1511 0122 0000 08ff
  70 0114 0102 0580 1e00 5f02 0000 1510 0122 0000 08fe
  72 0114 0102 0580 1e00 5f02 0000 150f 0122 0000 08e1
  75 0114 0102 0580 1e00 5f02 0000 150e 0122 0000 08e0
  77 0114 0102 0580 1e00 5f02 0000 150d 0122 0000 08e3
  80 0114 0102 0580 1e00 5f02 0000 150c 0122 0000 08e2
  82 0114 0102 0580 1e00 5f02 0000 150b 0122 0000 08e5
  84 0114 0102 0580 1e00 5f02 0000 150a 0122 0000 08e4
  86 0114 0102 0580 1e00 5f02 0000 1509 0122 0000 08e7
  88 0114 0102 0580 1e00 5f02 0000 1508 0122 0000 08e6
  90 0114 0102 0580 1e00 5f02 0000 1507 0122 0000 08e9
  93 0114 0102 0580 1e00 5f02 0000 1506 0122 0000 08e8
  97 0114 0102 0580 1e00 5f02 0000 1505 0122 0000 08eb
 100 0114 0102 0580 1e00 5f02 0000 1504 0122 0000 08ea
 105 0114 0102 0580 1e00 5f02 0000 1503 0122 0000 08ed
 109 0114 0102 0580 1e00 5f02 0000 1502 0122 0000 08ec
 114 0114 0102 0580 1e00 5f02 0000 1501 0122 0000 08ef
 124 0114 0102 0580 1e00 5f02 0000 1514 0122 0000 08fa
 136 0114 0102 0580 1e00 5f02 0000 1513 0122 0000 08fd
 145 0114 0102 0580 1e00 5f02 0000 1514 0122 0000 08fa
 149 0114 0102 0580 1e00 5f02 0000 1501 0122 0000 08ef
 155 0114 0102 0580 1e00 5f02 0000 1514 0122 0000 08fa
 158 0114 0102 0580 1e00 5f02 0000 1513 0122 0000 08fd
 161 0114 0102 0580 1e00 5f02 0000 1512 0122 0000 08fc

   0 0114 0102 0580 1e00 5f02 0000 1512 0122 0000 48bc
  32 0114 0102 0580 1e00 5f02 0000 1512 0122 0000 08fc
  50 0114 0102 0580 1e00 5f02 0000 1512 0122 0000 48bc
  73 0114 0102 0580 1e00 5f02 0000 1512 0122 0000 08fc

     |||| |||| |||| |||| |||| |||| |||| |||| |||| ||++-- 0x13 CRC check sum
     |||| |||| |||| |||| |||| |||| |||| |||| |||| |+---- 0x12 power magnetic steel disc type
     |||| |||| |||| |||| |||| |||| |||| |||| |||| +----- 0x12 cruise enable
     |||| |||| |||| |||| |||| |||| |||| |||| ++++------- 0x10 speed lever position
     |||| |||| |||| |||| |||| |||| |||| ++++------------ 0x0E undervoltage threshold
     |||| |||| |||| |||| |||| |||| ||++----------------- 0x0D current limit
     |||| |||| |||| |||| |||| |||| ++------------------- 0x0C speed limit
     |||| |||| |||| |||| |||| ++------------------------ 0x0A boost start strength
     |||| |||| |||| |||| ||++--------------------------- 0x09 boost sensitivity
     |||| |||| |||| ||++-++----------------------------- 0x07 wheel diameter
     |||| |||| |||| ++---------------------------------- 0x06 number of speed magnets
     |||| |||| ||++------------------------------------- 0x05 zero start enable and light enable
     |||| |||| ++--------------------------------------- 0x04 selected gear
     |||| ||++------------------------------------------ 0x03 drive mode
     |||| ++-------------------------------------------- 0x02 probably software or protocol revision
     ||++----------------------------------------------- 0x01 0x01 probably packet length
     ++------------------------------------------------- 0x00 probably device address
