   0    0114 0102 05c0 1e00 5f02 0000 1512 0122 0000 08bc
  85    0114 0102 05c0 1e00 5f02 0000 1812 0122 0000 08b1
  86    0114 0102 05c0 1e00 5f02 0000 1d12 0122 0000 08b4
  87    0114 0102 05c0 1e00 5f02 0000 2112 0122 0000 0888
  88    0114 0102 05c0 1e00 5f02 0000 2612 0122 0000 088f
  89    0114 0102 05c0 1e00 5f02 0000 2912 0122 0000 0880
  93    0114 0102 05c0 1e00 5f02 0000 2a12 0122 0000 0883
  94    0114 0102 05c0 1e00 5f02 0000 2f12 0122 0000 0886
  95    0114 0102 05c0 1e00 5f02 0000 3312 0122 0000 089a
  96    0114 0102 05c0 1e00 5f02 0000 3612 0122 0000 089f
 103    0114 0102 05c0 1e00 5f02 0000 3712 0122 0000 089e
 112    0114 0102 05c0 1e00 5f02 0000 3812 0122 0000 0891
 113    0114 0102 05c0 1e00 5f02 0000 3c12 0122 0000 0895
 114    0114 0102 05c0 1e00 5f02 0000 4112 0122 0000 08e8
 115    0114 0102 05c0 1e00 5f02 0000 4512 0122 0000 08ec
 116    0114 0102 05c0 1e00 5f02 0000 4912 0122 0000 08e0
 117    0114 0102 05c0 1e00 5f02 0000 4a12 0122 0000 08e3
 121    0114 0102 05c0 1e00 5f02 0000 4e12 0122 0000 08e7
 122    0114 0102 05c0 1e00 5f02 0000 5312 0122 0000 08fa
 123    0114 0102 05c0 1e00 5f02 0000 5712 0122 0000 08fe
 124    0114 0102 05c0 1e00 5f02 0000 5812 0122 0000 08f1
 127    0114 0102 05c0 1e00 5f02 0000 5912 0122 0000 08f0
 130    0114 0102 05c0 1e00 5f02 0000 5a12 0122 0000 08f3
 133    0114 0102 05c0 1e00 5f02 0000 5c12 0122 0000 08f5
 134    0114 0102 05c0 1e00 5f02 0000 6012 0122 0000 08c9
 135    0114 0102 05c0 1e00 5f02 0000 6312 0122 0000 08ca
 139    0114 0102 05c0 1e00 5f02 0000 6412 0122 0000 08cd
 191    0114 0102 05c0 1e00 5f02 0000 6412 0122 0190 085c
 192    0114 0102 05c0 1e00 5f02 0000 6412 0122 01ea 0826
 193    0114 0102 05c0 1e00 5f02 0000 6412 0122 0258 0897
 194    0114 0102 05c0 1e00 5f02 0000 6412 0122 032d 08e3
 195    0114 0102 05c0 1e00 5f02 0000 6412 0122 039c 0852
 196    0114 0102 05c0 1e00 5f02 0000 6412 0122 03e8 0826
 237    0114 0102 05c0 1e00 5f02 0000 6412 0122 03da 0814
 238    0114 0102 05c0 1e00 5f02 0000 6412 0122 03bb 0875
 239    0114 0102 05c0 1e00 5f02 0000 6412 0122 03a8 0866
 240    0114 0102 05c0 1e00 5f02 0000 6412 0122 0374 08ba
 241    0114 0102 05c0 1e00 5f02 0000 6412 0122 0362 08ac
 242    0114 0102 05c0 1e00 5f02 0000 6412 0122 0321 08ef
 243    0114 0102 05c0 1e00 5f02 0000 6412 0122 02fe 0831
 244    0114 0102 05c0 1e00 5f02 0000 6412 0122 02c5 080a
 245    0114 0102 05c0 1e00 5f02 0000 6412 0122 0280 084f
 246    0114 0102 05c0 1e00 5f02 0000 6412 0122 0261 08ae
 247    0114 0102 05c0 1e00 5f02 0000 6412 0122 0240 088f
 248    0114 0102 05c0 1e00 5f02 0000 6412 0122 01f7 083b
 249    0114 0102 05c0 1e00 5f02 0000 6412 0122 01d9 0815
 250    0114 0102 05c0 1e00 5f02 0000 6412 0122 01ae 0862
 251    0114 0102 05c0 1e00 5f02 0000 6412 0122 01a0 086c
 252    0114 0102 05c0 1e00 5f02 0000 6412 0122 019c 0850
 253    0114 0102 05c0 1e00 5f02 0000 6412 0122 0194 0858
 254    0114 0102 05c0 1e00 5f02 0000 6412 0122 0191 085d
 255    0114 0102 05c0 1e00 5f02 0000 6412 0122 0190 085c
 256    0114 0102 05c0 1e00 5f02 0000 6412 0122 0000 08cd

         0 1  2 3  4 5  6 7  8 9 1011 1213 1415 1617 1819