   0 0114 0102 0580 1e00 5f02 0000 1512 0122 0000 08fc
   0 020e 0100 0000 0000 7ae0 0000
  27 0114 0102 0580 1e00 5f02 0000 1512 0122 03e8 0817
  28 020e 0100 0000 0000 0945 0000
  29 020e 0100 0000 0000 0142 0000
  30 020e 0100 0000 0000 00e1 0000
  31 020e 0100 0000 0000 00b4 0000
  32 020e 0100 0000 0000 009f 0000
  33 020e 0100 0000 0000 0094 0000
  34 020e 0100 0000 0000 0090 0000
  35 020e 0100 0000 0000 008c 0000
  36 020e 0100 0000 0000 0088 0000
  37 020e 0100 0000 0000 0086 0000
  38 020e 0100 0000 0000 0085 0000
  39 020e 0100 0000 0000 0084 0000
  41 020e 0100 0000 0000 0082 0000
  45 020e 0100 0000 0000 0081 0000
  46 020e 0100 0000 0000 0082 0000
  48 0114 0102 0584 1e00 5f02 0000 1512 0122 03e8 0813
  49 020e 0100 0000 0000 0081 0000
  51 020e 0100 0000 0000 0080 0000
  52 020e 0100 0000 0000 0082 0000
  53 020e 0100 0000 0000 0081 0000
  55 020e 0100 2000 0000 0081 0000
  56 020e 0100 2000 0000 0086 0000
  57 020e 0100 2000 0000 0094 0000
  58 020e 0100 2000 0000 00a4 0000
  59 0114 0102 0580 1e00 5f02 0000 1512 0122 03e8 0817
  59 020e 0100 2000 0000 00cf 0000
  60 020e 0100 0000 0000 0101 0000
  61 020e 0100 0000 0000 00d2 0000
  62 020e 0100 0000 0000 00a8 0000
  63 020e 0100 0000 0000 0096 0000
  64 020e 0100 0000 0000 0092 0000
  65 020e 0100 0000 0000 008d 0000
  66 020e 0100 0000 0000 008a 0000
  67 020e 0100 0000 0000 0087 0000
  68 020e 0100 0000 0000 0085 0000
  69 020e 0100 0000 0000 0084 0000
  71 020e 0100 0000 0000 0083 0000
  73 020e 0100 0000 0000 0082 0000
  77 020e 0100 0000 0000 0081 0000
  81 0114 0102 0584 1e00 5f02 0000 1512 0122 03e8 0813
  80 020e 0100 0000 0000 0080 0000
  81 020e 0100 0000 0000 0082 0000
  83 020e 0100 0000 0000 0081 0000
  87 020e 0100 2000 0000 0082 0000
  88 020e 0100 2000 0000 008d 0000
  89 020e 0100 2000 0000 00c1 0000
  92 0114 0102 0580 1e00 5f02 0000 1512 0122 03e8 0817
  90 020e 0100 0000 0000 0202 0000
  91 020e 0100 0000 0000 0144 0000
  92 020e 0100 0000 0000 00d3 0000
  93 020e 0100 0000 0000 00ad 0000
  94 020e 0100 0000 0000 009b 0000
  95 020e 0100 0000 0000 0095 0000
  96 020e 0100 0000 0000 0090 0000
  97 020e 0100 0000 0000 008b 0000
  98 020e 0100 0000 0000 0087 0000
  99 020e 0100 0000 0000 0085 0000
 101 020e 0100 0000 0000 0084 0000
 102 020e 0100 0000 0000 0083 0000
 103 020e 0100 0000 0000 0082 0000
 111 0114 0102 0580 1e00 5f02 0000 1512 0122 032f 08d0
 108 020e 0100 0000 0000 0081 0000
 112 0114 0102 0580 1e00 5f02 0000 1512 0122 0000 08fc
 111 020e 0100 0000 0000 0086 0000
 114 0114 0102 0584 1e00 5f02 0000 1512 0122 0000 08f8
 112 020e 0100 0000 0000 0094 0000
 113 020e 0100 0000 0000 00a6 0000
 114 020e 0100 0000 0000 00ba 0000
 115 020e 0100 0000 0000 00d3 0000
 116 020e 0100 0000 0000 00f5 0000
 117 020e 0100 0000 0000 011e 0000
 119 0114 0102 0580 1e00 5f02 0000 1512 0122 0000 08fc
 118 020e 0100 0000 0000 014d 0000
 119 020e 0100 0000 0000 019a 0000
 120 020e 0100 0000 0000 0205 0000
 121 020e 0100 0000 0000 028d 0000
 122 020e 0100 0000 0000 0379 0000
 123 020e 0100 0000 0000 053d 0000
 124 020e 0100 0000 0000 071d 0000
 125 020e 0100 0000 0000 08c4 0000
 128 020e 0100 0000 0000 7ae0 0000

