   0 020e 0100 0000 0000 7ae0 0000
   0 0114 0102 0f40 1e00 6402 0500 1412 0136 0000 081d
  85 0114 0102 0f60 1e00 6402 0500 1412 0136 0000 083d
  94 0114 0102 0f40 1e00 6402 0500 1412 0136 0000 081d
 179 0114 0102 0fc0 1e00 6402 0500 1412 0136 0000 089d
 193 020e 0100 0000 0000 0441 0000
 194 020e 0100 0000 0000 02fe 0000
 195 020e 0100 0000 0000 0425 0000
 196 020e 0100 0000 0000 06a0 0000
 197 020e 0100 0000 0000 0b3d 0000
 198 020e 0100 0000 0000 7ae0 0000
 201 020e 0100 0000 0000 0945 0000
 202 020e 0100 0000 0000 05e5 0000
 203 020e 0100 0000 0000 073c 0000
 204 020e 0100 0000 0000 07d7 0000
 205 020e 0100 0000 0000 0393 0000
 206 020e 0100 0000 0000 0198 0000
 207 020e 0100 0000 0000 01ef 0000
 208 020e 0100 0000 0000 028b 0000
 209 020e 0100 0000 0000 036c 0000
 210 020e 0100 0000 0000 04e1 0000
 211 020e 0100 0000 0000 0734 0000
 212 020e 0100 0000 0000 0902 0000
 214 020e 0100 0000 0000 7ae0 0000
 222 020e 0100 0000 0000 18ae 0000
 223 020e 0100 0000 0000 1192 0000
 224 020e 0100 0000 0000 0630 0000
 225 020e 0100 0000 0000 0163 0000
 226 020e 0100 0000 0000 018c 0000
 227 020e 0100 0000 0000 01f0 0000
 228 020e 0100 0000 0000 027a 0000
 229 020e 0100 0000 0000 035d 0000
 230 020e 0100 0000 0000 0504 0000
 231 020e 0100 0000 0000 079d 0000
 233 0114 0102 0fc0 1e00 6402 0500 1412 0136 0248 08d7
 232 020e 0100 0000 0000 7ae0 0000
 234 0114 0102 0fc0 1e00 6402 0500 1412 0136 03e8 0876
 250 0114 0102 0fc0 1e00 6402 0500 1412 0136 0315 088b
 251 0114 0102 0fc0 1e00 6402 0500 1412 0136 0000 089d
 253 0114 0102 0fc0 1e00 6402 0500 1412 0136 01f4 0868
 254 0114 0102 0fc0 1e00 6402 0500 1412 0136 03e8 0876
 289 0114 0102 0fc0 1e00 6402 0500 1412 0136 03e6 0878
 290 0114 0102 0fc0 1e00 6402 0500 1412 0136 0000 089d
 295 0114 0102 0fc0 1e00 6402 0500 1412 0136 0313 088d
 296 0114 0102 0fc0 1e00 6402 0500 1412 0136 03e8 0876
 305 0114 0102 0fe0 1e00 6402 0500 1412 0136 03e8 0856
 309 0114 0102 0fc0 1e00 6402 0500 1412 0136 03e8 0876
 367 020e 0100 0000 0000 0392 0000
 368 020e 0100 0000 0000 0278 0000
 369 020e 0100 0000 0000 0135 0000
 370 020e 0100 0000 0000 00d2 0000
 370 0114 0102 0fc0 1e00 6402 0500 1412 0136 0384 081a
 371 020e 0100 0000 0000 00b5 0000
 372 020e 0100 0000 0000 00a5 0000
 373 020e 0100 0000 0000 00a0 0000
 375 0114 0102 0fc0 1e00 6402 0500 1412 0136 03a2 083c
 374 020e 0100 0000 0000 009d 0000
 376 0114 0102 0fc0 1e00 6402 0500 1412 0136 039f 0801
 375 020e 0100 0000 0000 0098 0000
 376 020e 0100 0000 0000 0095 0000
 377 0114 0102 0fc0 1e00 6402 0500 1412 0136 02ce 0851
 377 020e 0100 0000 0000 0093 0000
 378 020e 0100 0000 0000 0091 0000
 378 0114 0102 0fc0 1e00 6402 0500 1412 0136 0000 089d
 379 020e 0100 0000 0000 0097 0000
 380 020e 0100 0000 0000 00aa 0000
 381 020e 0100 0000 0000 00c2 0000
 382 020e 0100 0000 0000 00d9 0000
 383 020e 0100 0000 0000 00ff 0000
 384 020e 0100 0000 0000 0128 0000
 385 020e 0100 0000 0000 0160 0000
 386 020e 0100 0000 0000 01b7 0000
 388 0114 0102 0fc0 1e00 6402 0500 1412 0136 0197 080b
 387 020e 0100 0000 0000 021d 0000
 388 020e 0100 0000 0000 02c1 0000
 389 0114 0102 0fc0 1e00 6402 0500 1412 0136 03e8 0876
 389 020e 0100 0000 0000 0367 0000
 390 020e 0100 0000 0000 013f 0000
 391 020e 0100 0000 0000 00dd 0000
 392 020e 0100 0000 0000 00b8 0000
 393 020e 0100 0000 0000 00a7 0000
 394 020e 0100 0000 0000 009f 0000
 395 020e 0100 0000 0000 009d 0000
 396 0114 0102 0fc0 1e00 6402 0500 1412 0136 038a 0814
 397 0114 0102 0fc0 1e00 6402 0500 1412 0136 037f 08e1
 396 020e 0100 0000 0000 0099 0000
 397 020e 0100 0000 0000 0095 0000
 398 020e 0100 0000 0000 0093 0000
 399 0114 0102 0fc0 1e00 6402 0500 1412 0136 03b2 082c
 400 0114 0102 0fc0 1e00 6402 0500 1412 0136 03e8 0876
 399 020e 0100 0000 0000 0091 0000
 400 020e 0100 0000 0000 0090 0000
 402 020e 0100 0000 0000 008f 0000
 405 020e 0100 0000 0000 0090 0000
 406 020e 0100 0000 0000 008f 0000
 408 020e 0100 0000 0000 0090 0000
 410 020e 0100 0000 0000 008f 0000
 411 020e 0100 0000 0000 008e 0000
 412 020e 0100 0000 0000 008f 0000
 414 0114 0102 0fc4 1e00 6402 0500 1412 0136 03e8 0872
 415 0114 0102 0fc4 1e00 6402 0500 1412 0136 0290 080b
 415 020e 0100 0000 0000 008e 0000
 416 0114 0102 0fc4 1e00 6402 0500 1412 0136 01a8 0830
 417 020e 0100 0000 0000 0099 0000
 417 0114 0102 0fc4 1e00 6402 0500 1412 0136 0000 0899
 418 020e 0100 0000 0000 00ac 0000
 419 0114 0102 0fc0 1e00 6402 0500 1412 0136 0000 089d
 419 020e 0100 0000 0000 00c2 0000
 420 020e 0100 0000 0000 00e0 0000
 421 020e 0100 0000 0000 0101 0000
 422 020e 0100 0000 0000 012d 0000
 423 020e 0100 0000 0000 0166 0000
 424 020e 0100 0000 0000 01b8 0000
 425 020e 0100 0000 0000 0237 0000
 425 0114 0102 0fc0 1e00 6402 0500 1412 0136 01c8 0854
 426 020e 0100 0000 0000 02b3 0000
 426 0114 0102 0fc0 1e00 6402 0500 1412 0136 0357 08c9
 427 020e 0100 0000 0000 0136 0000
 427 0114 0102 0fc0 1e00 6402 0500 1412 0136 0388 0816
 428 020e 0100 0000 0000 00db 0000
 428 0114 0102 0fc0 1e00 6402 0500 1412 0136 03e8 0876
 429 020e 0100 0000 0000 00bb 0000
 430 020e 0100 0000 0000 00a8 0000
 431 020e 0100 0000 0000 009d 0000
 432 020e 0100 0000 0000 009c 0000
 433 020e 0100 0000 0000 0099 0000
 434 0114 0102 0fc0 1e00 6402 0500 1412 0136 0000 089d
 434 020e 0100 0000 0000 0096 0000
 435 020e 0100 0000 0000 0092 0000
 436 020e 0100 0000 0000 009e 0000
 437 020e 0100 0000 0000 00b2 0000
 438 020e 0100 0000 0000 00c8 0000
 439 020e 0100 0000 0000 00e8 0000
 440 020e 0100 0000 0000 010b 0000
 441 020e 0100 0000 0000 0139 0000
 442 020e 0100 0000 0000 017b 0000
 443 020e 0100 0000 0000 01c8 0000
 444 0114 0102 0fc0 1e00 6402 0500 1412 0136 02df 0840
 444 020e 0100 0000 0000 023d 0000
 445 0114 0102 0fc0 1e00 6402 0500 1412 0136 03e8 0876
 445 020e 0100 0000 0000 02ea 0000
 446 020e 0100 0000 0000 0138 0000
 447 020e 0100 0000 0000 00db 0000
 448 020e 0100 0000 0000 00b8 0000
 449 020e 0100 0000 0000 00a6 0000
 450 020e 0100 0000 0000 00a1 0000
 451 020e 0100 0000 0000 009c 0000
 452 020e 0100 0000 0000 0097 0000
 453 020e 0100 0000 0000 0095 0000
 454 020e 0100 0000 0000 0093 0000
 455 020e 0100 0000 0000 0091 0000
 456 020e 0100 0000 0000 0090 0000
 457 0114 0102 0fc0 1e00 6402 0500 1412 0136 01aa 0836
 458 0114 0102 0fc0 1e00 6402 0500 1412 0136 0000 089d
 459 020e 0100 0000 0000 009d 0000
 460 020e 0100 0000 0000 00af 0000
 461 020e 0100 0000 0000 00c7 0000
 462 020e 0100 0000 0000 00e2 0000
 463 020e 0100 0000 0000 0105 0000
 464 020e 0100 0000 0000 0131 0000
 465 020e 0100 0000 0000 0175 0000
 466 020e 0100 0000 0000 01c1 0000
 467 020e 0100 0000 0000 0234 0000
 468 020e 0100 0000 0000 02ec 0000
 469 020e 0100 0000 0000 042c 0000
 470 020e 0100 0000 0000 0682 0000
 471 020e 0100 0000 0000 0830 0000
 474 020e 0100 0000 0000 7ae0 0000
 475 0114 0102 0fc0 1e00 6402 0500 1412 0136 0194 0808
 476 0114 0102 0fc0 1e00 6402 0500 1412 0136 03e8 0876
 485 0114 0102 0fc0 1e00 6402 0500 1412 0136 0000 089d
 488 0114 0102 0fc0 1e00 6402 0500 1412 0136 0190 080c
 489 0114 0102 0fc0 1e00 6402 0500 1412 0136 031b 0885
 490 0114 0102 0fc0 1e00 6402 0500 1412 0136 03e8 0876
 506 0114 0102 0fc0 1e00 6402 0500 1412 0136 025c 08c3
 507 0114 0102 0fc0 1e00 6402 0500 1412 0136 0000 089d
 509 0114 0102 0fc0 1e00 6402 0500 1412 0136 0316 0888
 510 0114 0102 0fc0 1e00 6402 0500 1412 0136 03e8 0876
 519 0114 0102 0fc0 1e00 6402 0500 1412 0136 01ab 0837
 520 0114 0102 0fc0 1e00 6402 0500 1412 0136 0000 089d
 529 0114 0102 0fc0 1e00 6402 0500 1412 0136 034f 08d1
 530 0114 0102 0fc0 1e00 6402 0500 1412 0136 03e8 0876
 534 0114 0102 0fc0 1e00 6402 0500 1412 0136 0000 089d
 536 0114 0102 0fc0 1e00 6402 0500 1412 0136 01fb 0867
 537 0114 0102 0fc0 1e00 6402 0500 1412 0136 03e8 0876
 541 0114 0102 0fc0 1e00 6402 0500 1412 0136 0000 089d
 546 0114 0102 0fc0 1e00 6402 0500 1412 0136 0380 081e
 547 0114 0102 0fc0 1e00 6402 0500 1412 0136 03e8 0876
 565 020e 0100 0000 0000 1663 0000
 566 020e 0100 0000 0000 118c 0000
 569 020e 0100 0000 0000 7ae0 0000
 571 020e 0100 0000 0000 0680 0000
 572 020e 0100 0000 0000 0368 0000
 573 020e 0100 0000 0000 018d 0000
 574 020e 0100 0000 0000 00fc 0000
 575 020e 0100 0000 0000 00c2 0000
 576 020e 0100 0000 0000 00af 0000
 577 020e 0100 0000 0000 00a6 0000
 578 020e 0100 0000 0000 009e 0000
 579 020e 0100 0000 0000 0099 0000
 580 020e 0100 0000 0000 0096 0000
 581 0114 0102 0fc0 1e00 6402 0500 1412 0136 020f 0890
 581 020e 0100 0000 0000 0093 0000
 582 020e 0100 0000 0000 0091 0000
 582 0114 0102 0fc0 1e00 6402 0500 1412 0136 0196 080a
 583 0114 0102 0fc0 1e00 6402 0500 1412 0136 0000 089d
 583 020e 0100 0000 0000 009c 0000
 584 020e 0100 0000 0000 00b1 0000
 585 020e 0100 0000 0000 00c7 0000
 586 020e 0100 0000 0000 00e7 0000
 587 020e 0100 0000 0000 010a 0000
 588 020e 0100 0000 0000 013c 0000
 589 020e 0100 0000 0000 0177 0000
 589 0114 0102 0fc0 1e00 6402 0500 1412 0136 023f 08a0
 590 020e 0100 0000 0000 01c1 0000
 590 0114 0102 0fc0 1e00 6402 0500 1412 0136 03e8 0876
 591 020e 0100 0000 0000 010c 0000
 592 020e 0100 0000 0000 00c9 0000
 593 020e 0100 0000 0000 00b0 0000
 594 020e 0100 0000 0000 00a5 0000
 595 0114 0102 0fc0 1e00 6402 0500 1412 0136 0000 089d
 595 020e 0100 0000 0000 00a0 0000
 596 020e 0100 0000 0000 009a 0000
 597 020e 0100 0000 0000 00a4 0000
 598 020e 0100 0000 0000 00b8 0000
 599 020e 0100 0000 0000 00d2 0000
 600 020e 0100 0000 0000 00f1 0000
 601 020e 0100 0000 0000 011b 0000
 602 020e 0100 0000 0000 014d 0000
 603 020e 0100 0000 0000 018c 0000
 604 020e 0100 0000 0000 01f7 0000
 605 020e 0100 0000 0000 029b 0000
 606 020e 0100 0000 0000 0378 0000
 607 020e 0100 0000 0000 04f3 0000
 608 020e 0100 0000 0000 0743 0000
 609 020e 0100 0000 0000 08c1 0000
 612 020e 0100 0000 0000 7ae0 0000
 615 0114 0102 0fc0 1e00 6402 0500 1412 0136 03e8 0876
